3650                3498                3995                2500                2649                1989                3800                2099                
3650                3498                3995                2500                2649                1989                3800                2099                             
3650                3000                3995                2500                2649                2222                3800                2099                
3650                2000                3499                2500                2649                2498                2999                2099                
3500                2000                3499                2500                2649                2498                2999                2099                
3500                2000                2999                2500                2649                2498                2999                2099                
3500                2000                2999                2500                2649                2498                2999                2099                
3500                2000                2999                2500                2649                2498                2999                2099                
3500                2000                2999                2500                2649                2498                2999                1999                
3500                2200                2999                2500                2649                2498                2999                2099                
3500                2200                2999                2300                2649                2498                2999                2099                
3500                2200                2999                2300                2649                2498                2999                2099                
3500                2198                2998                2299                2649                2495                2999                1999                
3500                2198                2998                2299                2649                2495                2999                1999                
3500                2198                2997                2298                2549                2495                2999                1999                
3500                2198                2997                2298                2349                2495                2999                1999                
3500                2097                2997                2298                2349                2495                2999                1999                
3449                2097                2997                2298                2150                2495                2999                1989                
3449                2097                2997                2298                2150                2495                2999                1989                
3449                2097                2800                2100                2000                2100                2800                1800                
3449                2097                2750                2298                1950                2100                2999                1989                
3449                2097                2750                2298                2000                2100                2999                1989                
3449                2097                2750                2298                2000                2100                2939                1989                
3449                20944               2750                2298                2100                2099                2989                1989                
3449                2093                2750                2298                2100                5999                2999                1989                
3449                2097                2749                2298                2000                4200                2999                1999                
2500                3597                2750                2296                4999                3500                2999                4499                
2499                2500                2750                2296                4900                3200                2500                4499                
4499                3800                3200                2750                2500                2499                2296                1800                
3250                3595                3999                4999                2700                4998                3750                2717                
4444                3999                3666                3400                3100                2999                2666                2499                
4800                4100                4100                3800                2390                2078                1340                1219                
